defect cooperate tit_for_tat coin_flip biased_random susp_tit_for_tat grudger waffler 
  5   15   20   10   10   10   10   10  
  4   15   22    9   10    9   11   10  
  3   15   24    8   11    7   12   10  
  2   15   26    7   11    6   14    9  
  0   15   28    6   11    5   16    8  
  0   16   29    5   11    5   17    7  
  0   16   30    4   12    4   18    6  
  0   16   31    3   12    4   19    5  
  0   16   32    2   12    4   19    5  
  0   16   33    1   13    3   19    5  
  0   16   33    1   14    2   20    4  
  0   16   33    1   14    2   20    4  
  0   16   33    1   14    2   20    4  
  0   16   33    1   14    2   20    4  
  0   16   33    1   14    2   20    4  
  0   16   33    1   14    2   20    4  
  0   16   33    1   14    2   20    4  
  0   16   33    1   14    2   20    4  
  0   16   33    1   14    2   20    4  
  0   16   33    1   14    2   20    4  
  0   16   33    1   14    2   20    4  
  0   16   33    1   14    2   20    4  
  0   16   33    1   14    2   20    4  
  0   16   33    1   14    2   20    4  
  0   16   33    1   14    2   20    4  
  0   16   33    1   14    2   20    4  
  0   16   33    1   14    2   20    4  
  0   16   33    1   14    2   20    4  
  0   16   33    1   14    2   20    4  
  0   16   33    1   14    2   20    4  
  0   16   33    1   14    2   20    4  
  0   16   33    1   14    2   20    4  
  0   16   33    1   14    2   20    4  
  0   16   33    1   14    2   20    4  
  0   16   33    1   14    2   20    4  
  0   16   33    1   14    2   20    4  
  0   16   33    1   14    2   20    4  
  0   16   33    1   14    2   20    4  
  0   16   33    1   14    2   20    4  
  0   16   33    1   14    2   20    4  
